20.8028 35.499 24.384 51.816 -3.58118 0 -16.317 0
25.337 41.1163 24.384 51.816 0.95303 0 -10.6997 0
24.2758 39.0105 24.384 51.816 -0.108198 0 -12.8055 0
27.7366 40.6898 27.432 51.816 0.304609 0 -11.1262 0
24.2379 39.6101 27.432 51.816 -3.19409 0 -12.2059 0
26.4619 41.6475 24.384 48.768 2.07789 0 -7.12054 0
26.3722 41.5529 24.384 48.768 1.98823 0 -7.21512 0
21.8028 41.456 24.384 48.768 -2.58118 0 -7.31198 0
23.3858 39.5289 27.432 48.768 -4.04624 0 -9.23905 0
25.5601 41.9553 27.432 48.768 -1.87194 0 -6.81267 0
29.4019 24.1378 30.48 51.816 -1.07806 0 -27.6782 0
8.60579 15.0229 30.48 48.768 -21.8742 0 -33.7451 0
15.8541 30.8406 30.48 48.768 -14.6259 0 -17.9274 0
29.8145 46.847 33.528 51.816 -3.71345 0 -4.96901 0
43.9259 31.8559 33.528 51.816 10.3979 0 -19.9601 0
27.8031 24.035 33.528 48.768 -5.72494 0 -24.733 0
27.0853 22.7278 33.528 48.768 -6.44271 0 -26.0402 0
33.0752 37.75 36.576 51.816 -3.50085 0 -14.066 0
33.6134 48.9386 36.576 51.816 -2.96263 0 -2.87736 0
32.1927 33.7062 36.576 51.816 -4.38335 0 -18.1098 0
29.8904 32.7794 36.576 48.768 -6.68558 0 -15.9886 0
34.7829 27.7989 36.576 48.768 -1.79314 0 -20.9691 0
32.4035 37.3951 36.576 48.768 -4.17245 0 -11.3729 0
33.6168 34.9736 36.576 48.768 -2.95918 0 -13.7944 0
36.6224 27.1399 39.624 51.816 -3.00158 0 -24.6761 7.10543e-15
44.4149 34.1611 39.624 51.816 4.79095 0 -17.6549 0
31.9396 38.0982 39.624 48.768 -7.68444 0 -10.6698 0
30.5381 39.0987 39.624 48.768 -9.08587 0 -9.66927 0
33.3562 42.1495 39.624 48.768 -6.26781 0 -6.61852 0
30.1892 26.7004 42.672 51.816 -12.4828 0 -25.1156 0
34.1973 14.5516 42.672 48.768 -8.47468 0 -34.2164 0
46.592 40.1122 42.672 48.768 3.91996 0 -8.65584 0
31.0535 24.1338 42.672 48.768 -11.6185 0 -24.6342 0
30.5651 25.1457 45.72 51.816 -15.1549 0 -26.6703 0
28.3754 30.5384 45.72 51.816 -17.3446 0 -21.2776 0
33.0703 15.3953 45.72 48.768 -12.6497 0 -33.3727 0
40.0679 27.5258 45.72 48.768 -5.65215 0 -21.2422 0
42.9249 35.5915 48.768 51.816 -5.84312 0 -16.2245 0
49.4154 34.5716 48.768 51.816 0.647434 0 -17.2444 0
47.2437 35.2185 48.768 51.816 -1.52431 0 -16.5975 0
55.5426 38.1666 48.768 48.768 6.77458 0 -10.6014 0
44.3622 37.6387 51.816 51.816 -7.4538 0 -14.1773 0
46.9735 36.9197 51.816 51.816 -4.84254 0 -14.8963 0
45.737 36.5701 51.816 51.816 -6.07896 0 -15.2459 0
48.0894 29.1091 51.816 51.816 -3.7266 0 -22.7069 0
52.2677 32.6487 51.816 48.768 0.451724 0 -16.1193 0
48.4967 45.2493 51.816 48.768 -3.31928 0 -3.51868 0
51.2041 36.8589 51.816 48.768 -0.611858 0 -11.9091 0
53.7991 40.2877 51.816 48.768 1.98308 0 -8.48025 0
47.6862 40.4956 54.864 51.816 -7.17784 0 -11.3204 0
51.3817 36.7516 54.864 51.816 -3.4823 0 -15.0644 0
46.6569 38.4961 54.864 51.816 -8.20711 0 -13.3199 0
45.0321 36.4392 54.864 51.816 -9.83191 0 -15.3768 0
50.2304 41.3077 54.864 48.768 -4.63359 0 -7.46035 0
52.5029 40.2261 54.864 48.768 -2.36109 0 -8.54186 0
51.4972 36.6845 54.864 48.768 -3.36675 0 -12.0835 0
45.7127 35.4695 54.864 48.768 -9.15133 0 -13.2985 0
47.2243 31.0748 57.912 51.816 -10.6877 0 -20.7412 0
42.1027 32.1283 57.912 51.816 -15.8093 0 -19.6877 0
72.9152 42.6629 60.96 50.292 11.9552 0 -7.62912 1.524
79.4123 42.7597 60.96 51.816 18.4523 0 -9.05635 0
41.8274 32.4722 60.96 51.816 -19.1326 0 -19.3438 0
47.0984 36.7525 60.96 48.768 -13.8616 0 -12.0155 0
48.8392 37.8395 60.96 48.768 -12.1208 0 -10.9285 0
49.2818 37.9932 60.96 48.768 -11.6782 0 -10.7748 0
28.5261 36.4783 24.384 45.72 4.14214 0 -9.24169 0
27.6389 38.4427 24.384 45.72 3.25494 0 -7.27726 0
29.823 42.5711 24.384 45.72 5.43905 0 -3.14888 0
23.9454 42.6712 27.432 45.72 -3.48664 0 -3.04884 0
28.4267 42.6685 27.432 45.72 0.994704 0 -3.05154 0
26.2099 32.9866 30.48 45.72 -4.27013 0 -12.7334 0
27.5015 34.8923 30.48 45.72 -2.97848 3.55271e-15 -10.8277 7.10543e-15
32.6288 33.3636 33.528 45.72 -0.899176 0 -12.3564 7.10543e-15
37.1354 47.9303 33.528 45.72 3.60739 0 2.21032 0
40.5426 43.248 36.576 45.72 3.96664 0 -2.47197 0
39.624 40.7563 36.576 45.72 3.04795 0 -4.96368 0
42.527 41.6627 39.624 45.72 2.90295 7.10543e-15 -4.05734 7.10543e-15
35.5439 40.0844 39.624 45.72 -4.08012 0 -5.63559 0
39.6219 41.2304 39.624 45.72 -0.00210267 0 -4.48957 0
32.697 39.795 42.672 45.72 -9.97496 0 -5.92505 0
37.1277 39.926 42.672 45.72 -5.54435 0 -5.79404 0
37.3647 36.1074 42.672 45.72 -5.30728 0 -9.61264 0
45.926 35.2159 42.672 45.72 3.25405 0 -10.5041 0
55.3102 37.4154 45.72 45.72 9.59025 0 -8.30456 0
49.6968 23.6337 45.72 45.72 3.97676 0 -22.0863 0
47.5953 40.8129 45.72 45.72 1.87532 0 -4.90714 0
47.6857 37.3338 48.768 45.72 -1.08226 0 -8.38624 0
54.7055 29.9631 48.768 45.72 5.9375 0 -15.7569 0
48.5619 35.2134 48.768 45.72 -0.206127 0 -10.5066 0
47.5953 40.8129 48.768 45.72 -1.17268 0 -4.90714 0
49.6258 43.3073 48.768 45.72 0.857789 0 -2.41269 0
47.6857 37.3338 51.816 45.72 -4.13026 0 -8.38624 0
50.2349 38.8226 51.816 45.72 -1.58114 0 -6.89736 0
47.8418 38.4523 51.816 45.72 -3.97424 0 -7.26771 0
45.9236 42.5589 51.816 45.72 -5.89237 0 -3.16107 0
54.8622 44.7882 54.864 45.72 -0.00175861 0 -0.93176 0
52.377 40.9532 54.864 45.72 -2.48695 0 -4.76684 0
38.1395 32.1841 54.864 45.72 -16.7245 0 -13.5359 0
53.4597 39.2347 54.864 45.72 -1.40428 0 -6.48527 0
48.5745 37.4265 57.912 45.72 -9.33748 0 -8.29348 0
50.4807 41.4314 60.96 45.72 -10.4793 0 -4.28857 0
50.2304 41.3077 60.96 45.72 -10.7296 0 -4.41235 0
42.9249 35.5915 60.96 45.72 -18.0351 0 -10.1285 0
52.3648 41.6831 60.96 42.672 -8.59519 0 -0.988896 0
53.9662 39.5462 60.96 42.672 -6.99384 0 -3.12583 0
54.2956 40.3497 57.912 42.672 -3.61645 0 -2.32227 0
53.5643 41.6038 57.912 42.672 -4.3477 0 -1.06824 0
52.4968 42.3318 57.912 42.672 -5.41519 0 -0.340195 0
55.4157 42.6359 54.864 42.672 0.551709 0 -0.0361138 0
53.5221 42.2322 54.864 42.672 -1.34194 0 -0.439765 0
54.6272 41.9472 54.864 42.672 -0.236761 0 -0.724798 0
51.0466 40.4347 51.816 42.672 -0.769392 1.42109e-14 -2.23729 7.10543e-15
52.7081 41.635 51.816 42.672 0.892087 0 -1.03696 0
42.7691 35.864 48.768 42.672 -5.99888 0 -6.80798 0
38.7643 35.7099 48.768 42.672 -10.0037 0 -6.96212 0
39.8023 36.3849 48.768 42.672 -8.96575 0 -6.28705 0
38.1304 38.0508 48.768 42.672 -10.6376 0 -4.6212 0
38.2123 39.2126 48.768 42.672 -10.5557 0 -3.45938 0
46.2521 40.7562 45.72 42.672 0.532101 0 -1.91583 0
39.6211 45.8186 45.72 42.672 -6.09895 0 3.1466 0
44.6007 37.0611 45.72 42.672 -1.11928 0 -5.61091 0
42.0043 34.8385 45.72 42.672 -3.71566 0 -7.83347 0
39.559 40.3848 42.672 42.672 -3.11298 7.10543e-15 -2.28724 7.10543e-15
37.4974 44.3433 42.672 42.672 -5.17458 0 1.67129 0
39.3624 43.1528 42.672 42.672 -3.30955 7.10543e-15 0.480817 7.10543e-15
39.129 42.6699 42.672 42.672 -3.54303 0 -0.00212007 0
40.0563 42.9265 39.624 42.672 0.432258 0 0.254547 0
36.9127 42.6707 39.624 42.672 -2.71127 0 -0.00128615 0
34.4589 42.6705 36.576 42.672 -2.11708 0 -0.00146609 0
43.926 31.857 36.576 42.672 7.34996 0 -10.815 0
26.6744 37.6807 36.576 42.672 -9.90161 0 -4.99131 0
25.8183 41.3344 33.528 42.672 -7.70969 0 -1.33756 0
25.5651 42.6591 33.528 42.672 -7.96295 0 -0.0129298 0
25.9614 42.9369 30.48 42.672 -4.51864 0 0.264877 0
26.7847 41.9957 30.48 42.672 -3.69529 0 -0.676294 0
28.8492 42.6643 30.48 42.672 -1.63082 0 -0.00768956 0
28.8612 42.6709 30.48 42.672 -1.61879 0 -0.00108048 0
25.8121 41.4888 27.432 42.672 -1.61988 0 -1.18324 0
23.6269 42.6668 27.432 42.672 -3.80515 0 -0.00521853 0
26.9899 36.9287 27.432 42.672 -0.442083 0 -5.74331 0
26.6149 41.8152 24.384 42.672 2.23089 0 -0.856763 0
26.9907 36.9288 24.384 42.672 2.60672 0 -5.74323 0
22.2457 36.3298 24.384 42.672 -2.13831 0 -6.34222 0
12.5454 22.3372 24.384 42.672 -11.8386 0 -20.3348 0
25.3752 40.3349 24.384 39.624 0.991193 0 0.710862 0
22.6033 42.6287 24.384 39.624 -1.78071 0 3.00466 0
23.3797 42.5398 24.384 39.624 -1.00432 0 2.91575 0
27.4079 41.5868 27.432 39.624 -0.0241137 0 1.96284 0
25.5717 40.5111 27.432 39.624 -1.86031 0 0.88713 0
27.4314 44.3064 27.432 39.624 -0.000636894 0 4.68235 0
24.546 39.4879 30.48 39.624 -5.93397 0 -0.136144 0
23.1697 45.8585 30.48 39.624 -7.31028 0 6.23455 0
31.4321 27.8947 30.48 39.624 0.952125 0 -11.7293 0
34.7364 30.9399 33.528 39.624 1.20845 0 -8.68411 0
22.065 34.5113 33.528 39.624 -11.463 0 -5.11271 0
33.323 21.4034 36.576 39.624 -3.25296 0 -18.2206 0
46.1985 47.1781 36.576 39.624 9.62246 0 7.55409 0
30.1892 26.7004 39.624 39.624 -9.43483 0 -12.9236 0
34.0417 27.5363 39.624 39.624 -5.58227 0 -12.0877 0
30.1892 26.7004 39.624 39.624 -9.43483 0 -12.9236 0
50.5963 29.4676 39.624 39.624 10.9723 0 -10.1564 0
44.7251 44.7663 42.672 39.624 2.05307 0 5.14227 0
51.8282 38.9145 42.672 39.624 9.15616 0 -0.709525 0
45.136 36.8281 42.672 39.624 2.46405 0 -2.79594 0
52.6821 39.6706 42.672 39.624 10.0101 0 0.0465854 0
52.3156 37.5027 42.672 39.624 9.64361 0 -2.12131 0
54.5532 36.1069 45.72 39.624 8.8332 0 -3.51706 0
47.4018 30.9722 45.72 39.624 1.68177 0 -8.65177 0
55.9973 35.8985 48.768 39.624 7.22933 0 -3.72551 0
52.6291 34.0099 48.768 39.624 3.8611 0 -5.61408 0
52.3156 37.5027 48.768 39.624 3.54761 0 -2.12131 0
52.4093 41.2214 48.768 39.624 3.64128 0 1.59745 0
44.0521 32.0551 48.768 39.624 -4.71595 0 -7.56886 0
54.8632 44.6035 51.816 39.624 3.04724 0 4.97945 0
49.3519 50.7308 51.816 39.624 -2.46406 0 11.1068 0
47.5953 40.8129 51.816 39.624 -4.22068 0 1.18886 0
51.2525 36.826 51.816 39.624 -0.563532 0 -2.79799 0
51.0785 39.6686 54.864 39.624 -3.78552 0 0.0446438 0
52.4242 41.1965 54.864 39.624 -2.43978 0 1.57247 0
54.8632 43.7077 54.864 39.624 -0.000758503 0 4.08372 0
53.1226 37.1801 54.864 39.624 -1.74143 0 -2.44389 0
45.7127 35.4695 57.912 39.624 -12.1993 0 -4.15454 0
50.1816 49.3921 57.912 39.624 -7.7304 0 9.76805 0
47.4645 26.1869 57.912 39.624 -10.4475 0 -13.4371 0
52.9333 37.2442 60.96 39.624 -8.0267 0 -2.37978 0
41.3753 36.7862 54.864 36.576 -13.4887 0 0.210205 0
54.8562 50.7413 54.864 36.576 -0.00776561 0 14.1653 0
44.1599 38.099 51.816 36.576 -7.65605 0 1.52297 0
37.9243 23.4111 51.816 36.576 -13.8917 0 -13.1649 0
29.9086 27.1131 48.768 36.576 -18.8594 0 -9.46285 0
39.4402 48.682 45.72 36.576 -6.27977 0 12.106 0
35.1429 42.2011 45.72 36.576 -10.5771 0 5.62507 0
40.0204 29.6701 42.672 36.576 -2.65164 0 -6.90594 0
29.9485 23.5759 42.672 36.576 -12.7235 0 -13.0001 0
38.5947 29.9628 42.672 36.576 -4.07729 0 -6.61318 0
38.8261 32.2881 39.624 36.576 -0.797905 0 -4.28786 0
41.6995 33.5267 39.624 36.576 2.07554 0 -3.04933 0
43.4142 32.6011 36.576 36.576 6.8382 0 -3.97488 0
37.7951 29.912 36.576 36.576 1.21909 0 -6.66402 0
3.65554 32.0445 36.576 36.576 -32.9205 0 -4.53153 0
16.9322 21.674 33.528 36.576 -16.5958 0 -14.902 0
29.1063 24.475 33.528 36.576 -4.42173 0 -12.101 0
19.3838 25.1164 33.528 36.576 -14.1442 0 -11.4596 0
32.007 20.4276 30.48 36.576 1.52701 0 -16.1484 0
22.5027 30.5476 30.48 36.576 -7.97733 0 -6.02837 0
20.348 37.7449 27.432 36.576 -7.084 3.55271e-15 1.16889 0
23.247 33.2036 27.432 36.576 -4.18504 0 -3.3724 0
22.4823 42.5684 24.384 36.576 -1.90167 3.55271e-15 5.99244 7.10543e-15
27.4352 45.1553 24.384 36.576 3.05118 0 8.57929 0
14.1779 25.5159 15.24 30.48 -1.06214 0 -4.96414 0
24.3944 39.9899 24.384 42.672 0.0103822 0 -2.68207 0
27.4315 43.548 27.432 42.672 -0.000528701 0 0.876042 0
22.9524 36.6531 27.432 48.768 -4.47963 0 -12.1149 0
27.1917 34.1011 27.432 33.528 -0.24025 0 0.573121 0
27.2062 32.9873 27.432 33.528 -0.225757 0 -0.54067 0
25.7109 33.2525 24.384 33.528 1.32686 0 -0.275545 0
24.1017 32.2908 24.384 33.528 -0.282312 0 -1.2372 0
25.0245 24.341 24.384 24.384 0.640479 0 -0.0429643 0
27.0647 24.0575 24.384 24.384 2.68068 0 -0.326466 0
27.0567 23.9676 27.432 24.384 -0.375294 3.55271e-15 -0.416377 3.55271e-15
8.9267 8.9267 9.144 9.144 -0.217301 0 -0.217301 0
8.85255 8.85255 9.144 9.144 -0.291453 0 -0.291453 0
4.28511 4.28511 12.192 9.144 -7.90689 0 -4.85889 0
15.2888 5.37088 18.288 9.144 -2.99923 0 -3.77312 0
26.3285 9.14358 27.432 9.144 -1.10352 0 -0.000421652 0
37.977 11.4977 33.528 9.144 4.449 0 2.35365 0
36.5129 9.14177 33.528 9.144 2.98486 0 -0.00222909 0
45.7161 -9.61733 33.528 9.144 12.1881 0 -18.7613 0
38.7408 9.3599 39.624 9.144 -0.883197 0 0.215902 0
39.1532 -1.50505 39.624 9.144 -0.470785 0 -10.649 0
45.5313 2.22819 45.72 9.144 -0.188668 0 -6.91581 0
51.2392 9.04229 51.816 9.144 -0.576806 0 -0.101712 0
51.1614 9.55261 51.816 9.144 -0.654567 0 0.408607 0
53.2061 8.19659 51.816 9.144 1.39013 0 -0.947412 0
60.2337 4.60787 57.912 9.144 2.32167 0 -4.53613 0
59.4312 27.3396 57.912 9.144 1.51923 0 18.1956 0
66.4547 9.36251 67.056 9.144 -0.601301 0 0.218512 0
63.4988 12.4118 67.056 9.144 -3.55716 0 3.26783 0
63.991 7.67704 67.056 9.144 -3.06498 0 -1.46696 0
23.6774 32.0016 24.384 33.528 -0.70663 0 -1.52644 0
25.6196 29.5546 24.384 33.528 1.2356 0 -3.97344 0
21.0917 21.6146 24.384 30.48 -3.29234 0 -8.86544 0
17.5057 42.8491 24.384 30.48 -6.87825 3.55271e-15 12.3691 0
19.305 37.2557 24.384 36.576 -5.07903 0 0.679703 0
16.8464 37.8188 24.384 36.576 -7.53755 0 1.24282 0
27.4306 37.9271 27.432 36.576 -0.00137766 3.55271e-15 1.35109 0
25.3809 27.6657 27.432 33.528 -2.05108 0 -5.86226 0
22.632 30.3441 27.432 30.48 -4.80001 0 -0.135861 0
24.6708 41.9669 24.384 51.816 0.286768 0 -9.84906 0
25.5718 40.5111 24.384 51.816 1.18776 0 -11.3049 0
23.0674 42.6694 24.384 48.768 -1.31658 0 -6.0986 0
28.8656 45.5542 24.384 48.768 4.48163 0 -3.21384 0
20.8112 46.3277 24.384 45.72 -3.57278 0 0.607679 0
19.2862 41.8403 24.384 45.72 -5.09781 0 -3.8797 0
27.4279 47.6273 24.384 45.72 3.0439 0 1.90731 0
33.1008 43.6945 24.384 42.672 8.71677 0 1.02255 0
16.6616 40.0679 24.384 39.624 -7.72242 0 0.443919 0
21.149 36.3051 24.384 36.576 -3.235 0 -0.270854 0
27.4302 30.1487 24.384 36.576 3.04623 0 -6.42734 0
19.7335 32.877 24.384 33.528 -4.65047 3.55271e-15 -0.650999 0
25.2841 28.8132 24.384 33.528 0.900084 0 -4.71477 0
35.1031 25.2168 24.384 33.528 10.7191 0 -8.31124 0
25.3266 19.6693 24.384 30.48 0.942629 3.55271e-15 -10.8107 3.55271e-15
25.064 20.319 24.384 30.48 0.679959 0 -10.161 0
22.5715 17.0499 24.384 30.48 -1.81253 0 -13.4301 0
27.13 26.5601 24.384 27.432 2.74604 0 -0.871881 0
27.4313 22.6769 24.384 27.432 3.04734 0 -4.75511 0
29.1564 27.344 24.384 24.384 4.77243 0 2.95998 0
7.95498 7.95498 9.144 9.144 -1.18902 0 -1.18902 0
3.35105 3.35105 9.144 9.144 -5.79295 0 -5.79295 0
8.14692 8.14692 9.144 12.192 -0.997084 0 -4.04508 0
6.01357 6.01357 9.144 13.716 -3.13043 0 -7.70243 1.524
-2.52584 -2.52584 9.144 15.24 -11.6698 0 -17.7658 0
27.3995 4.26733 27.432 30.48 -0.0325022 0 -26.2127 0
26.0523 32.4916 27.432 33.528 -1.37972 0 -1.03645 0
24.3383 34.934 27.432 33.528 -3.0937 0 1.40596 0
27.4312 36.3104 27.432 33.528 -0.00082809 0 2.78243 0
20.7996 36.147 27.432 36.576 -6.63235 0 -0.428953 0
22.065 34.5113 27.432 36.576 -5.36705 0 -2.06471 0
27.4317 43.4182 27.432 39.624 -0.000301404 3.55271e-15 3.79415 0
26.5415 41.7354 27.432 42.672 -0.890457 0 -0.936585 0
19.3359 41.4179 27.432 42.672 -8.09613 0 -1.25409 0
26.1956 41.3142 27.432 45.72 -1.23639 0 -4.40576 0
24.3432 38.9563 27.432 45.72 -3.08878 0 -6.76373 0
28.7747 38.456 27.432 47.752 1.3427 0 -9.29601 1.43684
31.1493 35.6954 27.432 48.768 3.71729 3.55271e-15 -13.0726 0
20.5765 35.7188 27.432 51.816 -6.85554 0 -16.0972 0
30.1892 26.7004 30.48 51.816 -0.290828 0 -25.1156 0
34.1973 14.5516 30.48 51.816 3.71732 0 -37.2644 0
20.8346 35.4697 30.48 48.768 -9.64538 0 -13.2983 0
25.4634 28.9349 30.48 45.72 -5.01659 0 -16.7851 0
15.8326 30.8634 30.48 45.72 -14.6474 0 -14.8566 0
24.2518 36.2418 30.48 42.672 -6.22819 0 -6.43022 0
32.9481 39.075 30.48 42.672 2.46809 0 -3.59701 7.10543e-15
21.8042 41.4563 30.48 39.624 -8.67581 0 1.83232 0
30.721 35.1733 30.48 39.624 0.241008 0 -4.45071 0
19.6176 31.06 30.48 39.624 -10.8624 0 -8.56398 0
18.3864 33.8279 30.48 36.576 -12.0936 0 -2.74808 0
30.4877 28.0721 30.48 36.576 0.00765985 0 -8.5039 0
29.905 27.1205 30.48 33.528 -0.574984 0 -6.40752 0
31.4509 39.9204 30.48 33.528 0.970877 0 6.39243 0
14.8194 35.0911 30.48 30.48 -15.6606 0 4.61107 0
29.5363 23.995 30.48 30.48 -0.943741 3.55271e-15 -6.48496 3.55271e-15
19.3838 25.1164 30.48 30.48 -11.0962 0 -5.36364 0
12.7655 24.2797 33.528 48.768 -20.7625 0 -24.4883 0
30.6834 33.4693 33.528 48.768 -2.84455 0 -15.2987 0
21.896 37.1147 33.528 46.482 -11.632 0 -9.36732 1.31982
39.6137 56.6492 33.528 42.672 6.08573 0 13.9772 0
37.5197 54.8934 33.528 42.672 3.99169 0 12.2214 0
30.3395 26.3696 33.528 39.624 -3.18854 0 -13.2544 0
23.7638 32.952 33.528 39.624 -9.76423 0 -6.67199 0
32.2104 33.5287 33.528 36.576 -1.31759 7.10543e-15 -3.04726 7.10543e-15
34.1729 35.7566 33.528 30.48 0.644927 0 5.27655 0
31.658 32.8655 33.528 28.956 -1.87001 0 3.90947 1.524
16.1835 21.3941 33.528 27.432 -17.3445 0 -6.03788 0
54.8638 31.2938 54.864 30.48 -0.00018156 0 0.813816 0
54.8637 32.504 54.864 30.48 -0.000274535 0 2.02396 0
53.1606 32.1516 54.864 33.528 -1.70336 0 -1.37641 0
54.8638 32.6585 54.864 33.528 -0.000182866 0 -0.869513 0
54.1418 33.1125 54.864 33.528 -0.722216 0 -0.415502 0
54.0132 33.5278 54.864 33.528 -0.850812 0 -0.000156707 0
50.3872 30.7352 54.864 36.576 -4.47676 0 -5.84077 0
41.6782 29.1913 54.864 36.576 -13.1858 0 -7.38466 0
52.209 41.6373 54.864 36.576 -2.65498 0 5.06129 0
52.7081 41.635 54.864 36.576 -2.15591 0 5.05904 0
54.0333 42.0256 54.864 39.624 -0.830658 0 2.40164 0
54.2068 42.1609 54.864 39.624 -0.657236 0 2.53689 0
55.4282 43.0832 54.864 39.624 0.564202 0 3.45923 0
54.2068 42.1609 54.864 39.624 -0.657245 0 2.53686 0
54.2351 42.183 54.864 42.672 -0.628884 0 -0.488996 0
53.5978 33.8209 54.864 42.672 -1.26616 0 -8.85114 0
54.4837 35.3996 54.864 45.72 -0.380263 0 -10.3204 0
42.7567 45.0809 54.864 45.72 -12.1073 0 -0.639071 0
40.349 34.7262 54.864 48.768 -14.515 0 -14.0418 0
39.259 42.5627 54.864 48.768 -15.605 0 -6.20534 0
41.2274 40.0823 54.864 50.292 -13.6366 0 -10.2097 1.524
38.1395 32.1841 54.864 51.816 -16.7245 0 -19.6319 0
64.9447 8.5617 67.056 9.144 -2.11135 0 -0.5823 0
66.5461 8.97741 67.056 9.144 -0.509888 0 -0.166589 0
65.6138 8.74534 65.024 9.144 0.589827 1.43684 -0.398656 0
66.7604 7.9976 64.008 9.144 2.7524 0 -1.1464 0
66.3638 9.04981 64.008 9.144 2.3558 0 -0.0941852 0
53.5938 12.5407 64.008 9.144 -10.4142 0 3.39671 0
53.1733 8.93667 60.96 9.144 -7.78671 0 -0.207331 0
51.2385 16.7384 60.96 9.144 -9.72147 0 7.59443 0
58.3276 4.75387 60.96 9.144 -2.63238 0 -4.39013 0
21.0337 -4.40562 57.912 9.144 -36.8783 0 -13.5496 0
48.3868 2.75688 57.912 9.144 -9.52516 0 -6.38712 0
56.3002 4.68923 54.864 9.144 1.43623 0 -4.45477 0
43.6597 11.7256 54.864 9.144 -11.2043 0 2.58163 0
38.7526 9.1403 39.624 9.144 -0.871446 0 -0.00370221 0
25.9264 8.64348 27.432 9.144 -1.5056 0 -0.500519 0
26.3156 -0.55516 27.432 9.144 -1.11644 0 -9.69916 0
21.7019 9.14264 24.384 9.144 -2.6821 3.55271e-15 -0.00136216 0
48.6833 7.27617 48.1584 9.144 0.524879 2.98642 -1.86783 0
37.4428 11.8608 38.1 12.7 -0.657218 3.40777 -0.839192 7.95146
34.2165 25.9104 30.48 31.242 3.73653 3.55271e-15 -5.33158 1.31982
32.1724 38.0973 30.48 34.1376 1.69242 0 3.95966 1.2192
21.1947 38.1792 30.48 37.2533 -9.28529 0 0.925901 1.26717
29.0277 36.7016 30.48 41.656 -1.45232 0 -4.95438 1.43684
28.7064 36.1653 27.432 49.6389 1.27443 3.55271e-15 -13.4735 1.37695
26.0116 39.9634 27.432 46.736 -1.42044 0 -6.77263 1.43684
25.741 40.8633 27.432 43.2816 -1.69105 0 -2.41834 1.2192
27.4303 43.8162 27.432 38.7531 -0.00171936 3.55271e-15 5.06302 1.37695
23.7573 34.576 27.432 34.544 -3.67474 3.55271e-15 0.0319519 1.43684
27.4313 31.8472 27.432 32.004 -0.000722966 0 -0.156769 1.524
4.06892 4.06892 9.144 14.478 -5.07508 0 -10.4091 1.31982
6.87793 6.87793 9.144 10.16 -2.26607 0 -3.28207 1.43684
20.5801 37.5461 30.48 45.212 -9.89989 0 -7.66593 2.09454
9.46099 9.56941 24.9936 43.2816 -15.5326 8.04118 -33.7122 17.0688
30.5215 24.592 24.384 25.7387 6.13748 0 -1.14666 1.51456
14.5077 -200.692 24.384 28.702 -9.87632 3.55271e-15 -229.394 1.50268
-225.308 -461.502 24.384 31.8135 -249.692 7.10543e-15 -493.316 1.51205
22.5194 42.5108 26.67 43.053 -4.15062 6.04819 -0.542188 5.58656
32.3064 41.0223 40.4949 49.2034 -8.18844 1.37695 -8.18117 1.06658
46.4872 33.7742 39.624 49.784 6.8632 0 -16.0098 1.43684
36.1849 28.4643 39.1886 51.3806 -3.00368 1.06658 -22.9162 1.06658
33.0911 34.2475 36.576 48.768 -3.48491 0 -14.5205 0
28.1462 38.9824 36.576 50.9451 -8.42985 0 -11.9627 1.37695
27.2505 30.4052 34.036 50.292 -6.78546 1.13592 -19.8868 1.524
29.8939 26.9463 32.004 50.292 -2.11015 1.524 -23.3457 1.524
25.752 39.6711 27.94 49.276 -2.18795 1.13592 -9.60487 1.13592
26.4838 41.2824 24.384 48.768 2.09981 0 -7.48565 0
27.6191 40.4903 26.924 51.308 0.695091 1.13592 -10.8177 1.13592
24.2977 40.3316 24.384 51.816 -0.0863298 0 -11.4844 7.10543e-15
31.3904 45.258 24.384 48.768 7.00636 0 -3.51002 1.75976
27.4267 39.6695 24.9936 46.9392 2.43314 1.2192 -7.26973 8.31384
21.9344 30.9296 27.432 31.8347 -5.49761 3.55271e-15 -0.905068 1.51456
27.1968 38.5955 27.432 35.8987 -0.235157 3.55271e-15 2.69686 1.26717
20.401 41.6702 24.384 33.528 -3.98299 3.55271e-15 8.14216 3.048
-19.528 -177.507 24.384 31.1331 -43.912 7.10543e-15 -208.64 1.25067
22.0921 34.0839 24.384 37.1856 -2.29195 3.55271e-15 -3.10168 1.2192
10.0303 -20.4707 24.384 38.7096 -14.3537 3.55271e-15 -59.1803 5.7912
29.927 30.0488 30.48 30.0446 -0.552985 14.9321 0.00422504 8.53262
-4922.26 -3279.56 67.056 9.144 -4989.31 0 -3288.71 0
54.0394 7.77545 54.4286 9.144 -0.389147 3.01674 -1.36855 0
41.9824 3.2405 36.8531 9.144 5.12935 7.05358 -5.9035 1.77636e-15
30.8423 9.13589 25.6903 9.144 5.15203 5.11513 -0.00811248 0
8.46635 8.46635 10.3632 9.144 -1.89685 1.49321 -0.677645 0
26.581 23.6087 23.5131 22.2069 3.06787 6.03348 1.40185 5.33289
25.4458 31.3073 24.384 30.48 1.06175 3.55271e-15 0.827327 4.31052
27.4295 34.253 26.924 33.528 0.505461 1.13592 0.724978 0
27.4288 44.556 27.432 44.704 -0.00319515 0 -0.147971 2.87368
-392.509 -605.181 20.193 36.576 -412.702 5.04016 -641.757 6.096
25.9999 45.1433 24.384 36.576 1.61586 7.10543e-15 8.56726 7.10543e-15
21.0969 41.0063 26.5176 36.576 -5.42073 1.39677 4.43027 7.10543e-15
21.3597 36.7539 29.1253 36.576 -7.76565 1.51456 0.177888 0
32.1641 25.4707 31.7863 36.576 0.377798 1.50837 -11.1053 0
27.3734 20.2478 33.528 36.576 -6.15461 0 -16.3282 0
9.8592 33.451 35.56 36.576 -25.7008 1.43684 -3.12496 0
39.1966 30.5814 36.576 36.576 2.62058 0 -5.99464 0
41.6383 33.5205 38.1 36.576 3.53829 1.524 -3.05551 0
40.1259 35.4698 40.8432 36.576 -0.717306 1.49321 -1.10616 0
35.7694 30.902 42.672 36.576 -6.90258 0 -5.67405 0
48.3472 25.8225 46.1554 36.576 2.19179 1.06658 -10.7535 0
45.4616 40.0668 51.816 36.576 -6.35445 1.75976 3.49084 0
41.6876 41.0082 54.864 36.576 -13.1764 7.10543e-15 4.43222 0
52.2226 35.7925 60.3504 39.624 -8.12776 1.2192 -3.8315 0
54.853 49.4256 56.896 39.624 -2.04302 1.43684 9.80158 0
51.9896 40.4272 54.2544 39.624 -2.26484 1.2192 0.803212 0
47.4013 48.2929 51.816 39.624 -4.41467 7.10543e-15 8.66895 0
52.2235 46.1145 50.0743 39.624 2.14922 1.50837 6.49051 0
51.2261 40.5768 48.768 39.624 2.45814 0 0.952835 0
50.2341 34.5573 47.752 39.624 2.48211 1.43684 -5.06667 0
49.1891 39.2645 45.72 39.624 3.46915 7.10543e-15 -0.359494 0
52.2823 37.9637 42.672 39.624 9.61029 0 -1.66028 0
46.8676 37.8755 42.672 39.624 4.19562 0 -1.74854 0
46.6844 30.6407 41.148 39.624 5.53642 1.524 -8.98328 0
45.1038 42.8902 38.1 39.624 7.00383 1.524 3.26625 0
39.7144 43.9621 35.56 39.624 4.15435 1.43684 4.33809 0
39.022 40.4412 31.8347 39.624 7.18729 1.51456 0.81722 0
25.5536 40.2592 30.48 39.624 -4.92638 0 0.635197 0
27.4315 44.2766 27.432 39.624 -0.000533249 3.55271e-15 4.65263 0
25.5552 40.6582 24.9936 39.624 0.561574 1.2192 1.0342 0
-60.2195 -121.403 24.384 41.656 -84.6035 0 -163.059 1.43684
24.6226 42.6687 26.5611 42.672 -1.9385 1.37695 -0.00332388 7.10543e-15
25.801 42.6665 27.432 42.672 -1.63096 0 -0.00550475 0
28.0292 41.6505 30.48 42.672 -2.45084 3.55271e-15 -1.02154 0
26.788 42.0077 30.48 42.672 -3.692 0 -0.664289 0
25.8782 42.746 32.004 42.672 -6.12582 1.524 0.074038 0
25.7942 42.6706 33.528 42.672 -7.73376 0 -0.00137702 7.10543e-15
25.38 37.5034 36.576 42.672 -11.196 0 -5.16862 7.10543e-15
32.5828 40.0935 37.592 42.672 -5.0092 1.43684 -2.57852 0
38.9303 43.1426 40.2336 42.672 -1.30327 1.2192 0.470581 7.10543e-15
38.9436 43.0905 42.672 42.672 -3.72839 1.42109e-14 0.418505 1.42109e-14
37.3757 39.801 42.672 42.672 -5.29633 0 -2.87099 0
40.6041 36.1145 45.339 42.672 -4.73493 1.00803 -6.55746 0
37.4985 36.4497 48.768 42.672 -11.2695 7.10543e-15 -6.2223 7.10543e-15
47.2432 38.7822 49.911 42.672 -2.66781 1.47561 -3.88981 0
56.7377 42.6659 52.6869 42.672 4.05089 1.37695 -0.00606569 7.10543e-15
55.7595 42.6657 55.2994 42.672 0.460025 1.06658 -0.00628347 7.10543e-15
53.2219 41.3994 57.912 42.672 -4.69005 0 -1.27261 0
50.6242 38.4758 60.96 43.8912 -10.3358 0 -5.41535 1.49321
50.2244 42.187 60.96 45.72 -10.7356 0 -3.53297 0
49.1336 42.0743 56.0832 45.72 -6.94962 2.4384 -3.64573 0
47.3048 41.614 51.816 45.72 -4.51117 7.10543e-15 -4.10602 0
52.0109 36.4247 48.768 45.72 3.24294 0 -9.2953 0
62.2466 36.2825 48.26 45.72 13.9866 1.13592 -9.43751 0
61.6626 38.1085 45.72 45.72 15.9426 0 -7.61146 0
45.0669 35.6203 41.3173 45.72 3.74953 1.51456 -10.0997 0
42.0302 39.4425 39.1551 45.72 2.87514 1.09972 -6.27748 1.42109e-14
39.66 41.1959 36.576 45.72 3.08404 7.10543e-15 -4.52407 7.10543e-15
32.6849 50.2284 33.528 45.72 -0.843134 7.10543e-15 4.50843 7.10543e-15
26.9925 35.625 31.1573 45.72 -4.16482 1.26717 -10.095 0
25.2465 39.5371 29.464 45.72 -4.21751 1.43684 -6.18289 0
26.594 42.6716 27.432 45.72 -0.837983 0 -3.04845 0
71.5427 42.6511 60.96 51.308 10.5827 0 -8.65694 1.13592
66.1704 42.6547 57.3024 49.9872 8.86799 2.28091 -7.33251 1.49321
53.331 37.5258 54.864 48.768 -1.53298 0 -11.2422 0
44.8116 36.8018 54.864 51.816 -10.0524 0 -15.0142 7.10543e-15
49.1318 39.8194 54.864 51.816 -5.73217 0 -11.9966 7.10543e-15
53.2354 38.1224 51.816 48.768 1.41938 7.10543e-15 -10.6456 0
46.7547 37.8666 51.816 49.3776 -5.06128 7.10543e-15 -11.511 1.2192
65.2579 42.6681 50.5968 51.2064 14.6611 2.4384 -8.53832 1.2192
39.6185 23.6702 45.72 51.816 -6.10153 0 -28.1458 7.10543e-15
31.147 25.5481 44.196 50.292 -13.049 1.524 -24.7439 1.524
